5 100
2000 10
4500 7
7500 4
11000 2
15000 1
880 4425
1786 2181
-5984 1320
-10152 -6956
-1474 -506
6573 4251
7161 -499
12058 10824
3313 16075
-3004 -5559
-1386 -529
4733 1963
3973 -5540
-701 3629
-935 4691
11698 3166
8561 1936
-418 -374
18997 -4121
-11161 -5245
2721 1096
-4578 4836
18553 3658
10777 6332
-1131 -356
803 910
206 976
8563 -9251
-2457 2011
1500 -397
-6201 2135
3570 -1131
911 1328
-477 -1861
17872 139
2433 4727
16404 -9637
5359 149
-1361 337
-15654 1823
1447 4177
-1127 240
-1433 4899
10641 7309
-155 -1320
-11808 8937
-7080 -16288
6112 2832
3179 3924
-4798 2347
-12229 14137
-18436 2357
-6269 3728
-3389 -1491
-7266 747
5755 959
-2313 -6905
-19212 -894
-15426 -10962
-9016 -3927
7926 -2267
18250 1014
2419 -1967
4035 -2983
663 -1694
-48 -1592
-2603 9640
16821 5808
-4850 -8711
-699 3402
247 -13533
1421 4426
461 -858
-16922 -4472
11596 14037
84 867
-641 13422
2141 -17966
328 -6969
-17485 -3399
-12928 13683
-5468 -3253
506 1717
698 -3715
2673 4772
-641 5160
2068 8161
520 1665
-1335 13
-2774 6208
-238 -4658
-924 -643
-940 -1107
2830 -5111
1244 3173
-1318 245
225 -2099
9255 3334
12684 1504
-48 2184
